2.375 0.25
2.36746 0.292753
2.34576 0.330348
2.3125 0.358253
2.27171 0.373101
2.22829 0.373101
2.1875 0.358253
2.15424 0.330348
2.13254 0.292753
2.125 0.25
2.13254 0.207247
2.15424 0.169652
2.1875 0.141747
2.22829 0.126899
2.27171 0.126899
2.3125 0.141747
2.34576 0.169652
2.36746 0.207247
0.925 1.5
0.925 2.25
1.825 1
2.325 1.3
0.924924 1.50436
0.924924 2.25436
1.82492 1.00436
2.32492 1.30436
0.924696 1.50872
0.924696 2.25872
1.8247 1.00872
2.3247 1.30872
0.924315 1.51307
0.924315 2.26307
1.82432 1.01307
2.32432 1.31307
0.923784 1.5174
0.923784 2.2674
1.82378 1.0174
2.32378 1.3174
0.923101 1.52171
0.923101 2.27171
1.8231 1.02171
2.3231 1.32171
0.922268 1.52599
0.922268 2.27599
1.82227 1.02599
2.32227 1.32599
0.921287 1.53024
0.921287 2.28024
1.82129 1.03024
2.32129 1.33024
0.920158 1.53445
0.920158 2.28445
1.82016 1.03445
2.32016 1.33445
0.918882 1.53863
0.918882 2.28863
1.81888 1.03863
2.31888 1.33863
0.917462 1.54275
0.917462 2.29275
1.81746 1.04275
2.31746 1.34275
0.915898 1.54683
0.915898 2.29683
1.8159 1.04683
2.3159 1.34683
0.914193 1.55084
0.914193 2.30084
1.81419 1.05084
2.31419 1.35084
0.912349 1.5548
0.912349 2.3048
1.81235 1.0548
2.31235 1.3548
0.910368 1.55868
0.910368 2.30868
1.81037 1.05868
2.31037 1.35868
0.908253 1.5625
0.908253 2.3125
1.80825 1.0625
2.30825 1.3625
0.906006 1.56624
0.906006 2.31624
1.80601 1.06624
2.30601 1.36624
0.90363 1.5699
0.90363 2.3199
1.80363 1.0699
2.30363 1.3699
0.901127 1.57347
0.901127 2.32347
1.80113 1.07347
2.30113 1.37347
0.898501 1.57696
0.898501 2.32696
1.7985 1.07696
2.2985 1.37696
0.895756 1.58035
0.895756 2.33035
1.79576 1.08035
2.29576 1.38035
0.892893 1.58364
0.892893 2.33364
1.79289 1.08364
2.29289 1.38364
0.889917 1.58683
0.889917 2.33683
1.78992 1.08683
2.28992 1.38683
0.886832 1.58992
0.886832 2.33992
1.78683 1.08992
2.28683 1.38992
0.883641 1.59289
0.883641 2.34289
1.78364 1.09289
2.28364 1.39289
0.880348 1.59576
0.880348 2.34576
1.78035 1.09576
2.28035 1.39576
0.876958 1.5985
0.876958 2.3485
1.77696 1.0985
2.27696 1.3985
0.873473 1.60113
0.873473 2.35113
1.77347 1.10113
2.27347 1.40113
0.869899 1.60363
0.869899 2.35363
1.7699 1.10363
2.2699 1.40363
0.86624 1.60601
0.86624 2.35601
1.76624 1.10601
2.26624 1.40601
0.8625 1.60825
0.8625 2.35825
1.7625 1.10825
2.2625 1.40825
0.858684 1.61037
0.858684 2.36037
1.75868 1.11037
2.25868 1.41037
0.854796 1.61235
0.854796 2.36235
1.7548 1.11235
2.2548 1.41235
0.850842 1.61419
0.850842 2.36419
1.75084 1.11419
2.25084 1.41419
0.846826 1.6159
0.846826 2.3659
1.74683 1.1159
2.24683 1.4159
0.842753 1.61746
0.842753 2.36746
1.74275 1.11746
2.24275 1.41746
0.838627 1.61888
0.838627 2.36888
1.73863 1.11888
2.23863 1.41888
0.834455 1.62016
0.834455 2.37016
1.73445 1.12016
2.23445 1.42016
0.83024 1.62129
0.83024 2.37129
1.73024 1.12129
2.23024 1.42129
0.825989 1.62227
0.825989 2.37227
1.72599 1.12227
2.22599 1.42227
0.821706 1.6231
0.821706 2.3731
1.72171 1.1231
2.22171 1.4231
0.817397 1.62378
0.817397 2.37378
1.7174 1.12378
2.2174 1.42378
0.813066 1.62432
0.813066 2.37432
1.71307 1.12432
2.21307 1.42432
0.80872 1.6247
0.80872 2.3747
1.70872 1.1247
2.20872 1.4247
0.804362 1.62492
0.804362 2.37492
1.70436 1.12492
2.20436 1.42492
0.8 1.625
0.8 2.375
1.7 1.125
2.2 1.425
0.795638 1.62492
0.795638 2.37492
1.69564 1.12492
2.19564 1.42492
0.79128 1.6247
0.79128 2.3747
1.69128 1.1247
2.19128 1.4247
0.786934 1.62432
0.786934 2.37432
1.68693 1.12432
2.18693 1.42432
0.782603 1.62378
0.782603 2.37378
1.6826 1.12378
2.1826 1.42378
0.778294 1.6231
0.778294 2.3731
1.67829 1.1231
2.17829 1.4231
0.774011 1.62227
0.774011 2.37227
1.67401 1.12227
2.17401 1.42227
0.76976 1.62129
0.76976 2.37129
1.66976 1.12129
2.16976 1.42129
0.765545 1.62016
0.765545 2.37016
1.66555 1.12016
2.16555 1.42016
0.761373 1.61888
0.761373 2.36888
1.66137 1.11888
2.16137 1.41888
0.757247 1.61746
0.757247 2.36746
1.65725 1.11746
2.15725 1.41746
0.753174 1.6159
0.753174 2.3659
1.65317 1.1159
2.15317 1.4159
0.749158 1.61419
0.749158 2.36419
1.64916 1.11419
2.14916 1.41419
0.745204 1.61235
0.745204 2.36235
1.6452 1.11235
2.1452 1.41235
0.741316 1.61037
0.741316 2.36037
1.64132 1.11037
2.14132 1.41037
0.7375 1.60825
0.7375 2.35825
1.6375 1.10825
2.1375 1.40825
0.73376 1.60601
0.73376 2.35601
1.63376 1.10601
2.13376 1.40601
0.730101 1.60363
0.730101 2.35363
1.6301 1.10363
2.1301 1.40363
0.726527 1.60113
0.726527 2.35113
1.62653 1.10113
2.12653 1.40113
0.723042 1.5985
0.723042 2.3485
1.62304 1.0985
2.12304 1.3985
0.719652 1.59576
0.719652 2.34576
1.61965 1.09576
2.11965 1.39576
0.716359 1.59289
0.716359 2.34289
1.61636 1.09289
2.11636 1.39289
0.713168 1.58992
0.713168 2.33992
1.61317 1.08992
2.11317 1.38992
0.710083 1.58683
0.710083 2.33683
1.61008 1.08683
2.11008 1.38683
0.707107 1.58364
0.707107 2.33364
1.60711 1.08364
2.10711 1.38364
0.704244 1.58035
0.704244 2.33035
1.60424 1.08035
2.10424 1.38035
0.701499 1.57696
0.701499 2.32696
1.6015 1.07696
2.1015 1.37696
0.698873 1.57347
0.698873 2.32347
1.59887 1.07347
2.09887 1.37347
0.69637 1.5699
0.69637 2.3199
1.59637 1.0699
2.09637 1.3699
0.693994 1.56624
0.693994 2.31624
1.59399 1.06624
2.09399 1.36624
0.691747 1.5625
0.691747 2.3125
1.59175 1.0625
2.09175 1.3625
0.689632 1.55868
0.689632 2.30868
1.58963 1.05868
2.08963 1.35868
0.687651 1.5548
0.687651 2.3048
1.58765 1.0548
2.08765 1.3548
0.685807 1.55084
0.685807 2.30084
1.58581 1.05084
2.08581 1.35084
0.684102 1.54683
0.684102 2.29683
1.5841 1.04683
2.0841 1.34683
0.682538 1.54275
0.682538 2.29275
1.58254 1.04275
2.08254 1.34275
0.681118 1.53863
0.681118 2.28863
1.58112 1.03863
2.08112 1.33863
0.679842 1.53445
0.679842 2.28445
1.57984 1.03445
2.07984 1.33445
0.678713 1.53024
0.678713 2.28024
1.57871 1.03024
2.07871 1.33024
0.677732 1.52599
0.677732 2.27599
1.57773 1.02599
2.07773 1.32599
0.676899 1.52171
0.676899 2.27171
1.5769 1.02171
2.0769 1.32171
0.676216 1.5174
0.676216 2.2674
1.57622 1.0174
2.07622 1.3174
0.675685 1.51307
0.675685 2.26307
1.57568 1.01307
2.07568 1.31307
0.675304 1.50872
0.675304 2.25872
1.5753 1.00872
2.0753 1.30872
0.675076 1.50436
0.675076 2.25436
1.57508 1.00436
2.07508 1.30436
0.675 1.5
0.675 2.25
1.575 1
2.075 1.3
0.675076 1.49564
0.675076 2.24564
1.57508 0.995638
2.07508 1.29564
0.675304 1.49128
0.675304 2.24128
1.5753 0.99128
2.0753 1.29128
0.675685 1.48693
0.675685 2.23693
1.57568 0.986934
2.07568 1.28693
0.676216 1.4826
0.676216 2.2326
1.57622 0.982603
2.07622 1.2826
0.676899 1.47829
0.676899 2.22829
1.5769 0.978294
2.0769 1.27829
0.677732 1.47401
0.677732 2.22401
1.57773 0.974011
2.07773 1.27401
0.678713 1.46976
0.678713 2.21976
1.57871 0.96976
2.07871 1.26976
0.679842 1.46555
0.679842 2.21555
1.57984 0.965545
2.07984 1.26555
0.681118 1.46137
0.681118 2.21137
1.58112 0.961373
2.08112 1.26137
0.682538 1.45725
0.682538 2.20725
1.58254 0.957247
2.08254 1.25725
0.684102 1.45317
0.684102 2.20317
1.5841 0.953174
2.0841 1.25317
0.685807 1.44916
0.685807 2.19916
1.58581 0.949158
2.08581 1.24916
0.687651 1.4452
0.687651 2.1952
1.58765 0.945204
2.08765 1.2452
0.689632 1.44132
0.689632 2.19132
1.58963 0.941316
2.08963 1.24132
0.691747 1.4375
0.691747 2.1875
1.59175 0.9375
2.09175 1.2375
0.693994 1.43376
0.693994 2.18376
1.59399 0.93376
2.09399 1.23376
0.69637 1.4301
0.69637 2.1801
1.59637 0.930101
2.09637 1.2301
0.698873 1.42653
0.698873 2.17653
1.59887 0.926527
2.09887 1.22653
0.701499 1.42304
0.701499 2.17304
1.6015 0.923042
2.1015 1.22304
0.704244 1.41965
0.704244 2.16965
1.60424 0.919652
2.10424 1.21965
0.707107 1.41636
0.707107 2.16636
1.60711 0.916359
2.10711 1.21636
0.710083 1.41317
0.710083 2.16317
1.61008 0.913168
2.11008 1.21317
0.713168 1.41008
0.713168 2.16008
1.61317 0.910083
2.11317 1.21008
0.716359 1.40711
0.716359 2.15711
1.61636 0.907107
2.11636 1.20711
0.719652 1.40424
0.719652 2.15424
1.61965 0.904244
2.11965 1.20424
0.723042 1.4015
0.723042 2.1515
1.62304 0.901499
2.12304 1.2015
0.726527 1.39887
0.726527 2.14887
1.62653 0.898873
2.12653 1.19887
0.730101 1.39637
0.730101 2.14637
1.6301 0.89637
2.1301 1.19637
0.73376 1.39399
0.73376 2.14399
1.63376 0.893994
2.13376 1.19399
0.7375 1.39175
0.7375 2.14175
1.6375 0.891747
2.1375 1.19175
0.741316 1.38963
0.741316 2.13963
1.64132 0.889632
2.14132 1.18963
0.745204 1.38765
0.745204 2.13765
1.6452 0.887651
2.1452 1.18765
0.749158 1.38581
0.749158 2.13581
1.64916 0.885807
2.14916 1.18581
0.753174 1.3841
0.753174 2.1341
1.65317 0.884102
2.15317 1.1841
0.757247 1.38254
0.757247 2.13254
1.65725 0.882538
2.15725 1.18254
0.761373 1.38112
0.761373 2.13112
1.66137 0.881118
2.16137 1.18112
0.765545 1.37984
0.765545 2.12984
1.66555 0.879842
2.16555 1.17984
0.76976 1.37871
0.76976 2.12871
1.66976 0.878713
2.16976 1.17871
0.774011 1.37773
0.774011 2.12773
1.67401 0.877732
2.17401 1.17773
0.778294 1.3769
0.778294 2.1269
1.67829 0.876899
2.17829 1.1769
0.782603 1.37622
0.782603 2.12622
1.6826 0.876216
2.1826 1.17622
0.786934 1.37568
0.786934 2.12568
1.68693 0.875685
2.18693 1.17568
0.79128 1.3753
0.79128 2.1253
1.69128 0.875304
2.19128 1.1753
0.795638 1.37508
0.795638 2.12508
1.69564 0.875076
2.19564 1.17508
0.8 1.375
0.8 2.125
1.7 0.875
2.2 1.175
0.804362 1.37508
0.804362 2.12508
1.70436 0.875076
2.20436 1.17508
0.80872 1.3753
0.80872 2.1253
1.70872 0.875304
2.20872 1.1753
0.813066 1.37568
0.813066 2.12568
1.71307 0.875685
2.21307 1.17568
0.817397 1.37622
0.817397 2.12622
1.7174 0.876216
2.2174 1.17622
0.821706 1.3769
0.821706 2.1269
1.72171 0.876899
2.22171 1.1769
0.825989 1.37773
0.825989 2.12773
1.72599 0.877732
2.22599 1.17773
0.83024 1.37871
0.83024 2.12871
1.73024 0.878713
2.23024 1.17871
0.834455 1.37984
0.834455 2.12984
1.73445 0.879842
2.23445 1.17984
0.838627 1.38112
0.838627 2.13112
1.73863 0.881118
2.23863 1.18112
0.842753 1.38254
0.842753 2.13254
1.74275 0.882538
2.24275 1.18254
0.846826 1.3841
0.846826 2.1341
1.74683 0.884102
2.24683 1.1841
0.850842 1.38581
0.850842 2.13581
1.75084 0.885807
2.25084 1.18581
0.854796 1.38765
0.854796 2.13765
1.7548 0.887651
2.2548 1.18765
0.858684 1.38963
0.858684 2.13963
1.75868 0.889632
2.25868 1.18963
0.8625 1.39175
0.8625 2.14175
1.7625 0.891747
2.2625 1.19175
0.86624 1.39399
0.86624 2.14399
1.76624 0.893994
2.26624 1.19399
0.869899 1.39637
0.869899 2.14637
1.7699 0.89637
2.2699 1.19637
0.873473 1.39887
0.873473 2.14887
1.77347 0.898873
2.27347 1.19887
0.876958 1.4015
0.876958 2.1515
1.77696 0.901499
2.27696 1.2015
0.880348 1.40424
0.880348 2.15424
1.78035 0.904244
2.28035 1.20424
0.883641 1.40711
0.883641 2.15711
1.78364 0.907107
2.28364 1.20711
0.886832 1.41008
0.886832 2.16008
1.78683 0.910083
2.28683 1.21008
0.889917 1.41317
0.889917 2.16317
1.78992 0.913168
2.28992 1.21317
0.892893 1.41636
0.892893 2.16636
1.79289 0.916359
2.29289 1.21636
0.895756 1.41965
0.895756 2.16965
1.79576 0.919652
2.29576 1.21965
0.898501 1.42304
0.898501 2.17304
1.7985 0.923042
2.2985 1.22304
0.901127 1.42653
0.901127 2.17653
1.80113 0.926527
2.30113 1.22653
0.90363 1.4301
0.90363 2.1801
1.80363 0.930101
2.30363 1.2301
0.906006 1.43376
0.906006 2.18376
1.80601 0.93376
2.30601 1.23376
0.908253 1.4375
0.908253 2.1875
1.80825 0.9375
2.30825 1.2375
0.910368 1.44132
0.910368 2.19132
1.81037 0.941316
2.31037 1.24132
0.912349 1.4452
0.912349 2.1952
1.81235 0.945204
2.31235 1.2452
0.914193 1.44916
0.914193 2.19916
1.81419 0.949158
2.31419 1.24916
0.915898 1.45317
0.915898 2.20317
1.8159 0.953174
2.3159 1.25317
0.917462 1.45725
0.917462 2.20725
1.81746 0.957247
2.31746 1.25725
0.918882 1.46137
0.918882 2.21137
1.81888 0.961373
2.31888 1.26137
0.920158 1.46555
0.920158 2.21555
1.82016 0.965545
2.32016 1.26555
0.921287 1.46976
0.921287 2.21976
1.82129 0.96976
2.32129 1.26976
0.922268 1.47401
0.922268 2.22401
1.82227 0.974011
2.32227 1.27401
0.923101 1.47829
0.923101 2.22829
1.8231 0.978294
2.3231 1.27829
0.923784 1.4826
0.923784 2.2326
1.82378 0.982603
2.32378 1.2826
0.924315 1.48693
0.924315 2.23693
1.82432 0.986934
2.32432 1.28693
0.924696 1.49128
0.924696 2.24128
1.8247 0.99128
2.3247 1.29128
0.924924 1.49564
0.924924 2.24564
1.82492 0.995638
2.32492 1.29564
2.5 0
0 0
0 2.5
0 0
2.5 0.01
0.01 0
0.01 2.5
0 0.01
2.5 0.02
0.02 0
0.02 2.5
0 0.02
2.5 0.03
0.03 0
0.03 2.5
0 0.03
2.5 0.04
0.04 0
0.04 2.5
0 0.04
2.5 0.05
0.05 0
0.05 2.5
0 0.05
2.5 0.06
0.06 0
0.06 2.5
0 0.06
2.5 0.07
0.07 0
0.07 2.5
0 0.07
2.5 0.08
0.08 0
0.08 2.5
0 0.08
2.5 0.09
0.09 0
0.09 2.5
0 0.09
2.5 0.1
0.1 0
0.1 2.5
0 0.1
2.5 0.11
0.11 0
0.11 2.5
0 0.11
2.5 0.12
0.12 0
0.12 2.5
0 0.12
2.5 0.13
0.13 0
0.13 2.5
0 0.13
2.5 0.14
0.14 0
0.14 2.5
0 0.14
2.5 0.15
0.15 0
0.15 2.5
0 0.15
2.5 0.16
0.16 0
0.16 2.5
0 0.16
2.5 0.17
0.17 0
0.17 2.5
0 0.17
2.5 0.18
0.18 0
0.18 2.5
0 0.18
2.5 0.19
0.19 0
0.19 2.5
0 0.19
2.5 0.2
0.2 0
0.2 2.5
0 0.2
2.5 0.21
0.21 0
0.21 2.5
0 0.21
2.5 0.22
0.22 0
0.22 2.5
0 0.22
2.5 0.23
0.23 0
0.23 2.5
0 0.23
2.5 0.24
0.24 0
0.24 2.5
0 0.24
2.5 0.25
0.25 0
0.25 2.5
0 0.25
2.5 0.26
0.26 0
0.26 2.5
0 0.26
2.5 0.27
0.27 0
0.27 2.5
0 0.27
2.5 0.28
0.28 0
0.28 2.5
0 0.28
2.5 0.29
0.29 0
0.29 2.5
0 0.29
2.5 0.3
0.3 0
0.3 2.5
0 0.3
2.5 0.31
0.31 0
0.31 2.5
0 0.31
2.5 0.32
0.32 0
0.32 2.5
0 0.32
2.5 0.33
0.33 0
0.33 2.5
0 0.33
2.5 0.34
0.34 0
0.34 2.5
0 0.34
2.5 0.35
0.35 0
0.35 2.5
0 0.35
2.5 0.36
0.36 0
0.36 2.5
0 0.36
2.5 0.37
0.37 0
0.37 2.5
0 0.37
2.5 0.38
0.38 0
0.38 2.5
0 0.38
2.5 0.39
0.39 0
0.39 2.5
0 0.39
2.5 0.4
0.4 0
0.4 2.5
0 0.4
2.5 0.41
0.41 0
0.41 2.5
0 0.41
2.5 0.42
0.42 0
0.42 2.5
0 0.42
2.5 0.43
0.43 0
0.43 2.5
0 0.43
2.5 0.44
0.44 0
0.44 2.5
0 0.44
2.5 0.45
0.45 0
0.45 2.5
0 0.45
2.5 0.46
0.46 0
0.46 2.5
0 0.46
2.5 0.47
0.47 0
0.47 2.5
0 0.47
2.5 0.48
0.48 0
0.48 2.5
0 0.48
2.5 0.49
0.49 0
0.49 2.5
0 0.49
2.5 0.5
0.5 0
0.5 2.5
0 0.5
2.5 0.51
0.51 0
0.51 2.5
0 0.51
2.5 0.52
0.52 0
0.52 2.5
0 0.52
2.5 0.53
0.53 0
0.53 2.5
0 0.53
2.5 0.54
0.54 0
0.54 2.5
0 0.54
2.5 0.55
0.55 0
0.55 2.5
0 0.55
2.5 0.56
0.56 0
0.56 2.5
0 0.56
2.5 0.57
0.57 0
0.57 2.5
0 0.57
2.5 0.58
0.58 0
0.58 2.5
0 0.58
2.5 0.59
0.59 0
0.59 2.5
0 0.59
2.5 0.6
0.6 0
0.6 2.5
0 0.6
2.5 0.61
0.61 0
0.61 2.5
0 0.61
2.5 0.62
0.62 0
0.62 2.5
0 0.62
2.5 0.63
0.63 0
0.63 2.5
0 0.63
2.5 0.64
0.64 0
0.64 2.5
0 0.64
2.5 0.65
0.65 0
0.65 2.5
0 0.65
2.5 0.66
0.66 0
0.66 2.5
0 0.66
2.5 0.67
0.67 0
0.67 2.5
0 0.67
2.5 0.68
0.68 0
0.68 2.5
0 0.68
2.5 0.69
0.69 0
0.69 2.5
0 0.69
2.5 0.7
0.7 0
0.7 2.5
0 0.7
2.5 0.71
0.71 0
0.71 2.5
0 0.71
2.5 0.72
0.72 0
0.72 2.5
0 0.72
2.5 0.73
0.73 0
0.73 2.5
0 0.73
2.5 0.74
0.74 0
0.74 2.5
0 0.74
2.5 0.75
0.75 0
0.75 2.5
0 0.75
2.5 0.76
0.76 0
0.76 2.5
0 0.76
2.5 0.77
0.77 0
0.77 2.5
0 0.77
2.5 0.78
0.78 0
0.78 2.5
0 0.78
2.5 0.79
0.79 0
0.79 2.5
0 0.79
2.5 0.8
0.8 0
0.8 2.5
0 0.8
2.5 0.81
0.81 0
0.81 2.5
0 0.81
2.5 0.82
0.82 0
0.82 2.5
0 0.82
2.5 0.83
0.83 0
0.83 2.5
0 0.83
2.5 0.84
0.84 0
0.84 2.5
0 0.84
2.5 0.85
0.85 0
0.85 2.5
0 0.85
2.5 0.86
0.86 0
0.86 2.5
0 0.86
2.5 0.87
0.87 0
0.87 2.5
0 0.87
2.5 0.88
0.88 0
0.88 2.5
0 0.88
2.5 0.89
0.89 0
0.89 2.5
0 0.89
2.5 0.9
0.9 0
0.9 2.5
0 0.9
2.5 0.91
0.91 0
0.91 2.5
0 0.91
2.5 0.92
0.92 0
0.92 2.5
0 0.92
2.5 0.93
0.93 0
0.93 2.5
0 0.93
2.5 0.94
0.94 0
0.94 2.5
0 0.94
2.5 0.95
0.95 0
0.95 2.5
0 0.95
2.5 0.96
0.96 0
0.96 2.5
0 0.96
2.5 0.97
0.97 0
0.97 2.5
0 0.97
2.5 0.98
0.98 0
0.98 2.5
0 0.98
2.5 0.99
0.99 0
0.99 2.5
0 0.99
2.5 1
1 0
1 2.5
0 1
2.5 1.01
1.01 0
1.01 2.5
0 1.01
2.5 1.02
1.02 0
1.02 2.5
0 1.02
2.5 1.03
1.03 0
1.03 2.5
0 1.03
2.5 1.04
1.04 0
1.04 2.5
0 1.04
2.5 1.05
1.05 0
1.05 2.5
0 1.05
2.5 1.06
1.06 0
1.06 2.5
0 1.06
2.5 1.07
1.07 0
1.07 2.5
0 1.07
2.5 1.08
1.08 0
1.08 2.5
0 1.08
2.5 1.09
1.09 0
1.09 2.5
0 1.09
2.5 1.1
1.1 0
1.1 2.5
0 1.1
2.5 1.11
1.11 0
1.11 2.5
0 1.11
2.5 1.12
1.12 0
1.12 2.5
0 1.12
2.5 1.13
1.13 0
1.13 2.5
0 1.13
2.5 1.14
1.14 0
1.14 2.5
0 1.14
2.5 1.15
1.15 0
1.15 2.5
0 1.15
2.5 1.16
1.16 0
1.16 2.5
0 1.16
2.5 1.17
1.17 0
1.17 2.5
0 1.17
2.5 1.18
1.18 0
1.18 2.5
0 1.18
2.5 1.19
1.19 0
1.19 2.5
0 1.19
2.5 1.2
1.2 0
1.2 2.5
0 1.2
2.5 1.21
1.21 0
1.21 2.5
0 1.21
2.5 1.22
1.22 0
1.22 2.5
0 1.22
2.5 1.23
1.23 0
1.23 2.5
0 1.23
2.5 1.24
1.24 0
1.24 2.5
0 1.24
2.5 1.25
1.25 0
1.25 2.5
0 1.25
2.5 1.26
1.26 0
1.26 2.5
0 1.26
2.5 1.27
1.27 0
1.27 2.5
0 1.27
2.5 1.28
1.28 0
1.28 2.5
0 1.28
2.5 1.29
1.29 0
1.29 2.5
0 1.29
2.5 1.3
1.3 0
1.3 2.5
0 1.3
2.5 1.31
1.31 0
1.31 2.5
0 1.31
2.5 1.32
1.32 0
1.32 2.5
0 1.32
2.5 1.33
1.33 0
1.33 2.5
0 1.33
2.5 1.34
1.34 0
1.34 2.5
0 1.34
2.5 1.35
1.35 0
1.35 2.5
0 1.35
2.5 1.36
1.36 0
1.36 2.5
0 1.36
2.5 1.37
1.37 0
1.37 2.5
0 1.37
2.5 1.38
1.38 0
1.38 2.5
0 1.38
2.5 1.39
1.39 0
1.39 2.5
0 1.39
2.5 1.4
1.4 0
1.4 2.5
0 1.4
2.5 1.41
1.41 0
1.41 2.5
0 1.41
2.5 1.42
1.42 0
1.42 2.5
0 1.42
2.5 1.43
1.43 0
1.43 2.5
0 1.43
2.5 1.44
1.44 0
1.44 2.5
0 1.44
2.5 1.45
1.45 0
1.45 2.5
0 1.45
2.5 1.46
1.46 0
1.46 2.5
0 1.46
2.5 1.47
1.47 0
1.47 2.5
0 1.47
2.5 1.48
1.48 0
1.48 2.5
0 1.48
2.5 1.49
1.49 0
1.49 2.5
0 1.49
2.5 1.5
1.5 0
1.5 2.5
0 1.5
2.5 1.51
1.51 0
1.51 2.5
0 1.51
2.5 1.52
1.52 0
1.52 2.5
0 1.52
2.5 1.53
1.53 0
1.53 2.5
0 1.53
2.5 1.54
1.54 0
1.54 2.5
0 1.54
2.5 1.55
1.55 0
1.55 2.5
0 1.55
2.5 1.56
1.56 0
1.56 2.5
0 1.56
2.5 1.57
1.57 0
1.57 2.5
0 1.57
2.5 1.58
1.58 0
1.58 2.5
0 1.58
2.5 1.59
1.59 0
1.59 2.5
0 1.59
2.5 1.6
1.6 0
1.6 2.5
0 1.6
2.5 1.61
1.61 0
1.61 2.5
0 1.61
2.5 1.62
1.62 0
1.62 2.5
0 1.62
2.5 1.63
1.63 0
1.63 2.5
0 1.63
2.5 1.64
1.64 0
1.64 2.5
0 1.64
2.5 1.65
1.65 0
1.65 2.5
0 1.65
2.5 1.66
1.66 0
1.66 2.5
0 1.66
2.5 1.67
1.67 0
1.67 2.5
0 1.67
2.5 1.68
1.68 0
1.68 2.5
0 1.68
2.5 1.69
1.69 0
1.69 2.5
0 1.69
2.5 1.7
1.7 0
1.7 2.5
0 1.7
2.5 1.71
1.71 0
1.71 2.5
0 1.71
2.5 1.72
1.72 0
1.72 2.5
0 1.72
2.5 1.73
1.73 0
1.73 2.5
0 1.73
2.5 1.74
1.74 0
1.74 2.5
0 1.74
2.5 1.75
1.75 0
1.75 2.5
0 1.75
2.5 1.76
1.76 0
1.76 2.5
0 1.76
2.5 1.77
1.77 0
1.77 2.5
0 1.77
2.5 1.78
1.78 0
1.78 2.5
0 1.78
2.5 1.79
1.79 0
1.79 2.5
0 1.79
2.5 1.8
1.8 0
1.8 2.5
0 1.8
2.5 1.81
1.81 0
1.81 2.5
0 1.81
2.5 1.82
1.82 0
1.82 2.5
0 1.82
2.5 1.83
1.83 0
1.83 2.5
0 1.83
2.5 1.84
1.84 0
1.84 2.5
0 1.84
2.5 1.85
1.85 0
1.85 2.5
0 1.85
2.5 1.86
1.86 0
1.86 2.5
0 1.86
2.5 1.87
1.87 0
1.87 2.5
0 1.87
2.5 1.88
1.88 0
1.88 2.5
0 1.88
2.5 1.89
1.89 0
1.89 2.5
0 1.89
2.5 1.9
1.9 0
1.9 2.5
0 1.9
2.5 1.91
1.91 0
1.91 2.5
0 1.91
2.5 1.92
1.92 0
1.92 2.5
0 1.92
2.5 1.93
1.93 0
1.93 2.5
0 1.93
2.5 1.94
1.94 0
1.94 2.5
0 1.94
2.5 1.95
1.95 0
1.95 2.5
0 1.95
2.5 1.96
1.96 0
1.96 2.5
0 1.96
2.5 1.97
1.97 0
1.97 2.5
0 1.97
2.5 1.98
1.98 0
1.98 2.5
0 1.98
2.5 1.99
1.99 0
1.99 2.5
0 1.99
2.5 2
2 0
2 2.5
0 2
2.5 2.01
2.01 0
2.01 2.5
0 2.01
2.5 2.02
2.02 0
2.02 2.5
0 2.02
2.5 2.03
2.03 0
2.03 2.5
0 2.03
2.5 2.04
2.04 0
2.04 2.5
0 2.04
2.5 2.05
2.05 0
2.05 2.5
0 2.05
2.5 2.06
2.06 0
2.06 2.5
0 2.06
2.5 2.07
2.07 0
2.07 2.5
0 2.07
2.5 2.08
2.08 0
2.08 2.5
0 2.08
2.5 2.09
2.09 0
2.09 2.5
0 2.09
2.5 2.1
2.1 0
2.1 2.5
0 2.1
2.5 2.11
2.11 0
2.11 2.5
0 2.11
2.5 2.12
2.12 0
2.12 2.5
0 2.12
2.5 2.13
2.13 0
2.13 2.5
0 2.13
2.5 2.14
2.14 0
2.14 2.5
0 2.14
2.5 2.15
2.15 0
2.15 2.5
0 2.15
2.5 2.16
2.16 0
2.16 2.5
0 2.16
2.5 2.17
2.17 0
2.17 2.5
0 2.17
2.5 2.18
2.18 0
2.18 2.5
0 2.18
2.5 2.19
2.19 0
2.19 2.5
0 2.19
2.5 2.2
2.2 0
2.2 2.5
0 2.2
2.5 2.21
2.21 0
2.21 2.5
0 2.21
2.5 2.22
2.22 0
2.22 2.5
0 2.22
2.5 2.23
2.23 0
2.23 2.5
0 2.23
2.5 2.24
2.24 0
2.24 2.5
0 2.24
2.5 2.25
2.25 0
2.25 2.5
0 2.25
2.5 2.26
2.26 0
2.26 2.5
0 2.26
2.5 2.27
2.27 0
2.27 2.5
0 2.27
2.5 2.28
2.28 0
2.28 2.5
0 2.28
2.5 2.29
2.29 0
2.29 2.5
0 2.29
2.5 2.3
2.3 0
2.3 2.5
0 2.3
2.5 2.31
2.31 0
2.31 2.5
0 2.31
2.5 2.32
2.32 0
2.32 2.5
0 2.32
2.5 2.33
2.33 0
2.33 2.5
0 2.33
2.5 2.34
2.34 0
2.34 2.5
0 2.34
2.5 2.35
2.35 0
2.35 2.5
0 2.35
2.5 2.36
2.36 0
2.36 2.5
0 2.36
2.5 2.37
2.37 0
2.37 2.5
0 2.37
2.5 2.38
2.38 0
2.38 2.5
0 2.38
2.5 2.39
2.39 0
2.39 2.5
0 2.39
2.5 2.4
2.4 0
2.4 2.5
0 2.4
2.5 2.41
2.41 0
2.41 2.5
0 2.41
2.5 2.42
2.42 0
2.42 2.5
0 2.42
2.5 2.43
2.43 0
2.43 2.5
0 2.43
2.5 2.44
2.44 0
2.44 2.5
0 2.44
2.5 2.45
2.45 0
2.45 2.5
0 2.45
2.5 2.46
2.46 0
2.46 2.5
0 2.46
2.5 2.47
2.47 0
2.47 2.5
0 2.47
2.5 2.48
2.48 0
2.48 2.5
0 2.48
2.5 2.49
2.49 0
2.49 2.5
0 2.49
2.5 2.5
2.5 0
2.5 2.5
0 2.5
