30, 30 
34.242641,34.242641 
38.193224,38.758490 
41.834197,43.527485 
45.149385,48.528438 
48.124058,53.739131 
50.745001,59.136413 
53.000570,64.696306 
54.880743,70.394108 
56.377168,76.204505 
57.483195,82.101683 
58.193911,88.059441 
58.506159,94.051310 
58.418551,100.050671 
57.931477,106.030868 
57.047100,111.965333 
55.769349,117.827701 
54.103902,123.591925 
52.058158,129.232398 
49.641205,134.724058 
46.863781,140.042509 
43.738226,145.164121 
40.278426,150.066140 
36.499753,154.726786 
32.418994,159.125355 
28.054279,163.242304 
23.425001,167.059341 
18.551724,170.559510 
13.456102,173.727258 
8.160772,176.548514 
2.689261,179.010741 
-2.934123,181.103002 
-8.684396,182.816001 
-14.536010,184.142126 
-20.462969,185.075487 
-26.438939,185.611937 
-32.437371,185.749092 
-38.431615,185.486343 
-44.395040,184.824857 
-50.301152,183.767574 
-56.123710,182.319190 
-61.836846,180.486140 
-67.415179,178.276569 
-72.833924,175.700292 
-78.069007,172.768756 
-83.097171,169.494986 
-87.896075,165.893525 
-92.444399,161.980374 
-96.721936,157.772919 
-100.709681,153.289853 
-104.389918,148.551092 
-107.746297,143.577690 
-110.763905,138.391744 
-113.429337,133.016293 
-115.730749,127.475219 
-117.657917,121.793140 
-119.202280,115.995300 
-120.356976,110.107459 
-121.116875,104.155774 
-121.478600,98.166687 
-121.440545,92.166808 
-121.002879,86.182792 
-120.167546,80.241225 
-118.938258,74.368504 
-117.320476,68.590721 
-115.321387,62.933544 
-112.949873,57.422109 
-110.216470,52.080900 
-107.133323,46.933648 
-103.714128,42.003222 
-99.974077,37.311525 
-95.929786,32.879402 
-91.599223,28.726545 
-87.001628,24.871403 
-82.157426,21.331105 
-77.088141,18.121378 
-71.816293,15.256484 
-66.365305,12.749150 
-60.759393,10.610515 
-55.023464,8.850083 
-49.183002,7.475672 
-43.263955,6.493391 
-37.292619,5.907603 
-31.295524,5.720910 
-25.299314,5.934143 
-19.330630,6.546352 
-13.415987,7.554820 
-7.581665,8.955065 
-1.853584,10.740866 
3.742808,12.904289 
9.182646,15.435723 
14.441763,18.323921 
19.496794,21.556051 
24.325279,25.117754 
28.905768,28.993206 
33.217909,33.165188 
37.242545,37.615166 
40.961796,42.323369 
44.359136,47.268880 
47.419474,52.429726 
50.129211,57.782980 
52.476310,63.304857 
54.450342,68.970825 
56.042538,74.755712 
57.245823,80.633816 
58.054852,86.579021 
58.466031,92.564916 
58.477531,98.564905 
58.089304,104.552332 
57.303072,110.500595 
56.122330,116.383269 
54.552323,122.174217 
52.600026,127.847711 
50.274113,133.378545 
47.584918,138.742148 
44.544388,143.914688 
41.166031,148.873187 
37.464858,153.595613 
33.457310,158.060987 
29.161194,162.249470 
24.595597,166.142453 
19.780801,169.722640 
14.738198,172.974126 
9.490192,175.882464 
4.060098,178.434733 
-1.527959,180.619595 
-7.249152,182.427342 
-13.078064,183.849943 
-18.988796,184.881077 
-24.955090,185.516164 
-30.950439,185.752382 
-36.948205,185.588681 
-42.921743,185.025789 
-48.844512,184.066206 
-54.690200,182.714196 
-60.432836,180.975766 
-66.046905,178.858638 
-71.507465,176.372219 
-76.790257,173.527556 
-81.871810,170.337287 
-86.729548,166.815585 
-91.341889,162.978097 
-95.688340,158.841872 
-99.749592,154.425286 
-103.507602,149.747961 
-106.945673,144.830679 
-110.048530,139.695284 
-112.802389,134.364594 
-115.195014,128.862290 
-117.215776,123.212819 
-118.855696,117.441280 
-120.107489,111.573315 
-120.965593,105.634994 
-121.426196,99.652700 
-121.487252,93.653010 
-121.148489,87.662581 
-120.411412,81.708027 
-119.279297,75.815802 
-117.757172,70.012085 
-115.851800,64.322659 
-113.571647,58.772803 
-110.926843,53.387173 
-107.929138,48.189697 
-104.591850,43.203465 
-100.929806,38.450630 
-96.959276,33.952309 
-92.697900,29.728487 
-88.164611,25.797928 
-83.379549,22.178097 
-78.363973,18.885074 
-73.140166,15.933491 
-67.731337,13.336460 
-62.161516,11.105520 
-56.455449,9.250582 
-50.638486,7.779887 
-44.736471,6.699970 
-38.775626,6.015628 
-32.782433,5.729901 
-26.783519,5.844059 
-20.805536,6.357596 
-14.875043,7.268228 
-9.018388,8.571911 
-3.261591,10.262853 
2.369773,12.333540 
7.850683,14.774774 
13.156790,17.575709 
18.264518,20.723900 
23.151177,24.205360 
27.795055,28.004623 
32.175520,32.104809 
36.273112,36.487701 
40.069624,41.133828 
43.548191,46.022547 
46.693357,51.132139 
49.491149,56.439903 
51.929137,61.922258 
53.996490,67.554846 
55.684023,73.312644 
56.984238,79.170070 
57.891359,85.101101 
